Sno,Entity,Code,Year,Cellular Subscription,Internet Users(%),No. of Internet Users,Broadband Subscription
0,Afghanistan,AFG,1980,0,0,0,0
1,Afghanistan,AFG,1981,0,0,0,0
2,Afghanistan,AFG,1982,0,0,0,0
3,Afghanistan,AFG,1983,0,0,0,0
4,Afghanistan,AFG,1984,0,0,0,0
5,Afghanistan,AFG,1985,0,0,0,0
6,Afghanistan,AFG,1986,0,0,0,0
7,Afghanistan,AFG,1987,0,0,0,0
8,Afghanistan,AFG,1988,0,0,0,0
9,Afghanistan,AFG,1989,0,0,0,0
10,Afghanistan,AFG,1990,0,0,0,0
11,Afghanistan,AFG,1991,0,0,0,0
12,Afghanistan,AFG,1992,0,0,0,0
13,Afghanistan,AFG,1993,0,0,0,0
14,Afghanistan,AFG,1994,0,0,0,0
15,Afghanistan,AFG,1995,0,0,0,0
16,Afghanistan,AFG,1996,0,0,0,0
17,Afghanistan,AFG,1997,0,0,0,0
18,Afghanistan,AFG,1998,0,0,0,0
19,Afghanistan,AFG,1999,0,0,0,0
20,Afghanistan,AFG,2000,0,0,0,0
21,Afghanistan,AFG,2001,0,0.004722568,930,0
22,Afghanistan,AFG,2002,0.1106157,0.004561395,958,0
23,Afghanistan,AFG,2003,0.844563544,0.087891251,19903,0
24,Afghanistan,AFG,2004,2.426528454,0.105809033,24922,0.000808843
25,Afghanistan,AFG,2005,4.677582741,1.224148035,298829,0.000857557
26,Afghanistan,AFG,2006,9.53490448,2.107123613,536114,0.001891571
27,Afghanistan,AFG,2007,17.22510529,1.899999976,492163,0.001844982
28,Afghanistan,AFG,2008,28.49300385,1.840000033,486261,0.001803604
29,Afghanistan,AFG,2009,36.97858429,3.549999952,972178,0.00352177
30,Afghanistan,AFG,2010,35.00312805,4,1127587,0.005139537
31,Afghanistan,AFG,2011,45.81362534,5,1462458,0
32,Afghanistan,AFG,2012,49.22797775,5.454545498,1661808,0.004813651
33,Afghanistan,AFG,2013,52.0835762,5.900000095,1860932,0.004648339
34,Afghanistan,AFG,2014,55.15951538,7,2290135,0.004494948
35,Afghanistan,AFG,2015,57.27106857,8.260000229,2788039,0.020535484
36,Afghanistan,AFG,2016,61.05463791,11,3809983,0.024873504
37,Afghanistan,AFG,2017,65.92913055,13.5,4811862,0.025297474
38,Afghanistan,AFG,2018,59.12084961,16.79999924,6163380,0.043040551
39,Afghanistan,AFG,2019,59.35601807,17.60000038,6543106,0.045325279
40,Afghanistan,AFG,2020,54.4768894,19,7489272,0.040098618
41,Albania,ALB,1980,0,0,0,0
42,Albania,ALB,1981,0,0,0,0
43,Albania,ALB,1982,0,0,0,0
44,Albania,ALB,1983,0,0,0,0
45,Albania,ALB,1984,0,0,0,0
46,Albania,ALB,1985,0,0,0,0
47,Albania,ALB,1986,0,0,0,0
48,Albania,ALB,1987,0,0,0,0
49,Albania,ALB,1988,0,0,0,0
50,Albania,ALB,1989,0,0,0,0
51,Albania,ALB,1990,0,0,0,0
52,Albania,ALB,1991,0,0,0,0
53,Albania,ALB,1992,0,0,0,0
54,Albania,ALB,1993,0,0,0,0
55,Albania,ALB,1994,0,0,0,0
56,Albania,ALB,1995,0,0,0,0
57,Albania,ALB,1996,0,0,0,0
58,Albania,ALB,1997,0,0,0,0
59,Albania,ALB,1998,0,0,0,0
60,Albania,ALB,1999,0,0,0,0
61,Albania,ALB,2000,0.06828,0.114097062,352000,0
62,Albania,ALB,2001,0.406352448,0.32579818,905000,0.00022472
63,Albania,ALB,2002,1.107551194,0.390081046,1130000,0.000471033
64,Albania,ALB,2003,3.188659798,0.971900393,2880177,0.001325899
65,Albania,ALB,2004,6.740279928,2.420387424,7420000,0.001707441
66,Albania,ALB,2005,20.28886306,6.043891546,19441787,0.007992429
67,Albania,ALB,2006,42.87050142,9.609991764,29995000,0.02792806
68,Albania,ALB,2007,62.8104086,15.03611532,46600000,0.064204473
69,Albania,ALB,2008,94.21841206,23.86001562,71800000,0.128749004
70,Albania,ALB,2009,100,41.2,121764398,0.297864847
71,Albania,ALB,2010,100,45,132140000,0.330512441
72,Albania,ALB,2011,100,49,138000000,0.315258154
73,Albania,ALB,2012,100,54.65595959,145000000,0.417282126
74,Albania,ALB,2013,100,57.2,151882482,0.420944625
75,Albania,ALB,2014,100,60.1,166026522,0.441277
76,Albania,ALB,2015,100,63.25305179,179708874,0.47410914
77,Albania,ALB,2016,100,68.98,198900000,0.507818844
78,Albania,ALB,2017,100,71.84704151,203066845,0.53014036
79,Albania,ALB,2018,100,72.0,203000000,0.54261434
80,Albania,ALB,2019,100,73.5,204850000,0.574437655
81,Albania,ALB,2020,100,76.1,209800000,0.591066289
82,Algeria,DZA,1980,0,0,0,0
83,Algeria,DZA,1981,0,0,0,0
84,Algeria,DZA,1982,0,0,0,0
85,Algeria,DZA,1983,0,0,0,0
86,Algeria,DZA,1984,0,0,0,0
87,Algeria,DZA,1985,0,0,0,0
88,Algeria,DZA,1986,0,0,0,0
89,Algeria,DZA,1987,0,0,0,0
90,Algeria,DZA,1988,0,0,0,0
91,Algeria,DZA,1989,0,0,0,0
92,Algeria,DZA,1990,0,0,0,0
93,Algeria,DZA,1991,0,0,0,0
94,Algeria,DZA,1992,0,0,0,0
95,Algeria,DZA,1993,0,0,0,0
96,Algeria,DZA,1994,0,0,0,0
97,Algeria,DZA,1995,0,0,0,0
98,Algeria,DZA,1996,0,0,0,0
99,Algeria,DZA,1997,0,0,0,0
100,Algeria,DZA,1998,0,0,0,0
101,Algeria,DZA,1999,0,0,0,0
102,Algeria,DZA,2000,0.031653333,0.49170681,100000,0
103,Algeria,DZA,2001,0.229532458,0.646678354,200000,0.001731648
104,Algeria,DZA,2002,0.531434989,1.59113518,600000,0.004008191
105,Algeria,DZA,2003,1.326544933,4.634475814,1600000,0.006991138
106,Algeria,DZA,2004,4.660006803,5.84,2200000,0.010495833
107,Algeria,DZA,2005,12.56184805,8.05,3060000,0.014988262
108,Algeria,DZA,2006,30.56330978,11.23,4373200,0.017872746
109,Algeria,DZA,2007,51.31957414,13.53,5500000,0.020146311
110,Algeria,DZA,2008,76.02468285,14.47,6250000,0.022869647
111,Algeria,DZA,2009,78.74475829,16.5,7000000,0.028586299
112,Algeria,DZA,2010,88.26970845,17.42,7322805,0.037684164
113,Algeria,DZA,2011,93.76825507,20.0,8000000,0.045774278
114,Algeria,DZA,2012,97.91297598,21.91,8500000,0.053798894
115,Algeria,DZA,2013,99.03925034,26.7,11400000,0.055885714
116,Algeria,DZA,2014,106.0,32.5,15320000,0.051145197
117,Algeria,DZA,2015,123.2,38.2,17360000,0.054212808
118,Algeria,DZA,2016,138.0,42.9,18800000,0.060296277
119,Algeria,DZA,2017,136.2,47,19762000,0.06360766
120,Algeria,DZA,2018,147.6,49.58,20520000,0.073535039
121,Algeria,DZA,2019,158.6,54.0,21324000,0.088390285
122,Algeria,DZA,2020,165.9,59.5,22240000,0.10040335
123,American Samoa,ASM,1980,0,0,0,0
124,American Samoa,ASM,1981,0,0,0,0
125,American Samoa,ASM,1982,0,0,0,0
126,American Samoa,ASM,1983,0,0,0,0
127,American Samoa,ASM,1984,0,0,0,0
128,American Samoa,ASM,1985,0,0,0,0
129,American Samoa,ASM,1986,0,0,0,0
130,American Samoa,ASM,1987,0,0,0,0
131,American Samoa,ASM,1988,0,0,0,0
132,American Samoa,ASM,1989,0,0,0,0
133,American Samoa,ASM,1990,0,0,0,0
134,American Samoa,ASM,1991,0,0,0,0
135,American Samoa,ASM,1992,0,0,0,0
136,American Samoa,ASM,1993,0,0,0,0
137,American Samoa,ASM,1994,0,0,0,0
138,American Samoa,ASM,1995,0,0,0,0
139,American Samoa,ASM,1996,0,0,0,0
140,American Samoa,ASM,1997,0,0,0,0
141,American Samoa,ASM,1998,0,0,0,0
142,American Samoa,ASM,1999,0,0,0,0
143,American Samoa,ASM,2000,0,0,0,0
144,American Samoa,ASM,2001,0,0,0,0
145,American Samoa,ASM,2002,0,0,0,0
146,American Samoa,ASM,2003,0,0,0,0
147,American Samoa,ASM,2004,0,0,0,0
148,American Samoa,ASM,2005,0,0,0,0
149,American Samoa,ASM,2006,0,0,0,0
150,American Samoa,ASM,2007,0,0,0,0
151,American Samoa,ASM,2008,0,0,0,0
152,American Samoa,ASM,2009,0,0,0,0
153,American Samoa,ASM,2010,0,0,0,0
154,American Samoa,ASM,2011,0,0,0,0
155,American Samoa,ASM,2012,0,0,0,0
156,American Samoa,ASM,2013,0,0,0,0
157,American Samoa,ASM,2014,0,0,0,0
158,American Samoa,ASM,2015,0,0,0,0
159,American Samoa,ASM,2016,0,0,0,0
160,American Samoa,ASM,2017,0,0,0,0
161,American Samoa,ASM,2018,0,0,0,0
162,American Samoa,ASM,2019,0,0,0,0
163,American Samoa,ASM,2020,0,0,0,0
164,Andorra,AND,1980,0,0,0,0
165,Andorra,AND,1981,0,0,0,0
166,Andorra,AND,1982,0,0,0,0
167,Andorra,AND,1983,0,0,0,0
168,Andorra,AND,1984,0,0,0,0
169,Andorra,AND,1985,0,0,0,0
170,Andorra,AND,1986,0,0,0,0
171,Andorra,AND,1987,0,0,0,0
172,Andorra,AND,1988,0,0,0,0
173,Andorra,AND,1989,0,0,0,0
174,Andorra,AND,1990,0,0,0,0
175,Andorra,AND,1991,0,0,0,0
176,Andorra,AND,1992,0,0,0,0
177,Andorra,AND,1993,0,0,0,0
178,Andorra,AND,1994,0,0,0,0
179,Andorra,AND,1995,0,0,0,0
180,Andorra,AND,1996,0,0,0,0
181,Andorra,AND,1997,0,0,0,0
182,Andorra,AND,1998,0,0,0,0
183,Andorra,AND,1999,0,0,0,0
184,Andorra,AND,2000,0.32777,3.15,2000,0
185,Andorra,AND,2001,2.13882,6.21,5000,0.023268446
186,Andorra,AND,2002,5.37377,10.6,10000,0.045230778
187,Andorra,AND,2003,12.72851,13.5,15000,0.056232682
188,Andorra,AND,2004,23.05,26.8,20000,0.06495
189,Andorra,AND,2005,37.2,33.6,25000,0.069000001
190,Andorra,AND,2006,53.98,37.6,27000,0.083851852
191,Andorra,AND,2007,76.91,41.9,29000,0.093137931
192,Andorra,AND,2008,84.15,70.04,33000,0.115090909
193,Andorra,AND,2009,78.53,78,34000,0.130117647
194,Andorra,AND,2010,81.0,81,34000,0.142235294
195,Andorra,AND,2011,81.3,81,34000,0.141735537
196,Andorra,AND,2012,86.43442465,86,34000,0.148017544
197,Andorra,AND,2013,94.8128192,94,34000,0.147682927
198,Andorra,AND,2014,98.1,95.9,36000,0.152714286
199,Andorra,AND,2015,98.6,96.9,36000,0.153833333
